# Fix print output for fix def1
-7.13617070487274e-16 -0.00834984117412552 -0.0234224973969788 0.0323480300679398
0.00999999999999917 -0.00614462733559732 -0.00277030940970862 0.630009794221306
0.0199999999999993 -0.00341549699949387 -0.00373280332145075 0.998031877938082
0.0299999999999992 0.00104140439941832 -0.000101144916971049 1.2314124330733
0.0399999999999994 -0.000314682796485768 -0.00239712997204977 1.43716767499542
0.0499999999999993 -0.000615058799014258 -0.00140720313512984 1.65563732148288
0.0599999999999992 0.00261017184922563 0.00206233005075899 1.90406450561866
0.0699999999999993 0.00282102925351623 0.00225810187350273 2.13659544595035
0.0799999999999992 0.00272685261703104 0.00239989017607165 2.33858487583323
0.0899999999999991 0.00024148386044986 0.0010540684546536 2.55778010698078
0.0999999999999993 -0.000597413321591655 0.000376084403683712 2.7565945057168
0.109999999999999 -0.000480918735158888 -0.000185040322763615 2.90994619786469
0.119999999999999 0.000798945473708294 0.000702770421759284 3.05041609796
0.129999999999999 0.000884519831236421 0.00171668075422765 3.20527035973514
0.139999999999999 0.000212702542162855 -0.000343514125425589 3.36167864578561
0.149999999999999 0.000227465031112559 -0.000492068100680916 3.52130231652038
0.159999999999999 -0.00106185163822261 -0.00156551231235277 3.65877691447781
0.169999999999999 -0.000194283631994364 -0.000263056536915176 3.78662759038529
0.179999999999999 0.00155059837842784 0.00145751079485338 3.90343097001273
0.189999999999999 0.00125986461888127 0.000869651712344898 4.00821690241437
0.199999999999999 -9.32974944783823e-05 5.12595524599218e-05 4.10267799956931
0.209999999999999 -0.000238043444806505 -0.00027891060368925 4.20540342796984
0.219999999999999 0.000906353990628971 0.000587568351743476 4.30771879193967
0.229999999999999 7.75174948013705e-05 0.000292458697318305 4.41147413875149
0.239999999999999 0.00104454581438766 0.000972026612706961 4.53759921323761
0.249999999999999 0.000434674196852705 0.000435741591853086 4.66266677207632
0.259999999999999 0.000437621703759722 0.000366711063821038 4.76472689197901
0.269999999999999 0.000570735629408795 0.000534512506353682 4.84869619268654
0.279999999999999 0.000371605013786104 0.000727995489461074 4.92738754074756
0.289999999999999 0.000378416031267704 0.000437291692314373 5.00598766711367
0.299999999999999 0.000191899893681188 0.000135439597432805 5.08308076774835
0.309999999999999 8.08897221745532e-05 0.000211179868798246 5.16124750467282
0.319999999999999 0.000211072262843823 0.00027693995450846 5.23834480203986
0.329999999999999 0.000290698066374097 0.000230555532182807 5.30782764723463
0.339999999999999 0.000374695946871045 0.000234062146723071 5.37949105906812
0.349999999999999 0.000570151364475417 0.000396606889000478 5.44473100258161
0.359999999999999 0.000569734646789393 0.000405706523413138 5.50041496215449
0.369999999999999 0.00014161834215506 0.000149521271413272 5.56340396298953
0.379999999999999 0.000172182763113176 4.51267144439726e-05 5.641752040213
0.389999999999999 0.000377271031163717 0.000363374978948111 5.67970863805047
0.399999999999999 -6.00933478577882e-05 0.000114573319245199 5.72594857894444
0.409999999999999 0.00024229590317034 0.000231857621247708 5.79142327251738
0.419999999999999 0.000461863379712928 0.000460907213731103 5.86577280847675
0.429999999999999 0.000115671035425685 0.000196542302962838 5.92202714961671
0.439999999999999 -0.000173116541589716 -0.000267824085950917 5.96971138681837
0.449999999999999 -0.00028934368800446 -0.000431813608829341 6.02833507429206
0.459999999999999 -4.61880796334256e-05 2.82682696723308e-05 6.10111869421808
0.469999999999999 8.06079528920983e-05 0.000122825343924428 6.16894662697489
0.479999999999999 0.000111854161083417 0.000132928248109975 6.24054227634001
0.489999999999999 0.000435175308501211 0.000384963968057698 6.32371811867708
0.499999999999999 0.000213876528379738 0.000149686189414958 6.39775767256336
0.509999999999999 0.000225407617164998 0.000133461096584557 6.47359634569913
0.519999999999999 0.000343410502421835 0.000228346889328502 6.53007090341531
0.529999999999999 0.000165997303369809 0.000223138017620641 6.57504585663379
0.539999999999999 0.000222907745511584 0.000206246896126204 6.6200092575451
0.549999999999999 0.000192186606589426 0.000221874543749422 6.69856287370133
0.559999999999999 0.000143237295321224 0.000264239096914734 6.77201480720377
0.569999999999999 -5.23932024139023e-05 0.000265843944155922 6.81837495404479
0.579999999999999 0.000571814306183711 0.000912861125201693 6.87572522702086
0.589999999999999 -0.000169744503104811 2.74383098454857e-05 6.96397297001275
0.599999999999999 0.000345459772476874 0.000412125590334875 7.0325679920523
0.609999999999999 0.000142351716391283 -0.000224484807687938 7.09816322237523
0.619999999999999 0.000269172621857093 -0.000294316774598056 7.19118632877117
0.629999999999999 -3.97539011540474e-05 0.000158357278543798 7.19149575491618
0.639999999999999 0.000815096703929174 0.000143994003665858 7.21827659294166
0.649999999999999 0.000260827381440748 0.00036836703356161 7.22788725223487
0.659999999999999 -0.00103953490184677 -0.000819310345093352 7.3191360184939
0.669999999999999 0.00109870086858016 0.000847091816401439 7.32299826573976
0.679999999999999 0.00036204217392782 -3.37613958558052e-05 7.25308251036319
0.689999999999999 3.69426330321178e-05 0.000101870314095049 7.47112778771243
0.699999999999999 0.000370183406769033 0.000372857597752604 7.50752207055889
0.709999999999999 0.000134739505214176 -8.53974631132599e-05 7.56627923926951
0.719999999999999 0.000450928226192286 0.000565783989838413 7.66556387040319
0.729999999999999 0.00102418937176847 0.00108206471280782 7.78476340068743
0.739999999999999 0.000123934269638187 -0.000119296606352192 7.96085440996893
0.749999999999999 0.000874105730273049 0.000524987523208396 7.97624732012404
0.759999999999999 1.28684364806794e-05 0.000158299054498813 7.91640742399352
0.769999999999999 0.000372934406222011 0.000335882828406614 7.99003245353635
0.779999999999999 0.000729077648658679 0.000336181673578656 7.99242412695101
0.789999999999999 0.000199387626914757 0.000158900354557659 8.02818039412174
0.799999999999999 0.000525590245905993 8.62957466993647e-05 8.24197285357189
0.809999999999999 8.19402089002184e-05 7.84178773830649e-05 8.5079190575473
0.819999999999999 0.000334375543754917 0.000352640065234057 8.57281141513216
0.829999999999999 8.31503702605159e-05 0.000384034598698867 8.62414482174778
0.839999999999999 0.000449956108373032 0.000180787411536836 8.65161765038009
0.849999999999999 0.0001681973066399 0.0004925012164957 8.60625297524597
0.859999999999999 6.81419232578221e-05 0.000602802770690761 8.71312171672282
0.869999999999999 9.52427643312585e-05 0.000252283399932092 8.85702219450174
0.879999999999999 0.000189850655426036 0.000359362095799246 9.09398904836438
0.889999999999999 0.00024318472066979 0.000404534097953848 9.09744803163271
0.899999999999999 0.000573027415673756 -3.03324946206981e-05 8.99225712139659
0.909999999999999 -0.000229030103485358 6.37403714496055e-05 8.9778461280386
0.919999999999999 0.000643191489139671 0.000411698683491604 9.18004221025062
0.929999999999998 3.29420367793686e-05 -3.98851628535722e-05 9.19892870969843
0.939999999999999 0.000162517689335235 8.26603050057858e-05 9.22624183763959
0.949999999999999 9.11051496798714e-05 -5.01098637959424e-05 9.26807300734097
0.959999999999999 0.000293552853155729 0.000185682024881551 9.41648321556038
0.969999999999998 0.000511792227997369 0.0005001352451553 9.52137522392531
0.979999999999999 7.25288658031416e-06 0.000103463166239739 9.57483859359839
0.989999999999999 0.000275994807557668 -6.37477615535223e-05 9.70312948539119
0.999999999999999 -7.31235605399256e-05 0.000348328142579059 9.67608232891739
1.01 0.00019189080396363 0.000234560793757945 9.57293609827848
1.02 0.000470598284685399 4.29047879642321e-05 9.58292242012762
1.03 0.000106896961169573 0.000240171830953692 9.63692884762263
1.04 0.00010937074678453 4.82322392405909e-05 9.57904311675017
1.05 0.000167982978237822 3.27008500343412e-05 9.62011314088096
1.06 -3.84937614122573e-05 9.61857690257046e-05 9.63786565459988
1.07 5.67103582619829e-05 0.000139042783662685 9.7392976727969
1.08 0.000384541461841046 0.00025703607008777 9.78851686718442
1.09 0.000289638601013034 0.00016594388487716 9.71389891793501
1.1 -0.000243681667426858 0.000815985244074926 9.69361656508014
1.11 0.000395675064385243 -0.000268744954781701 9.65986118904503
1.12 8.1991442053628e-05 0.000411551733685655 9.61825739708577
1.13 0.000225096445138951 0.000123512823900371 9.67114067650455
1.14 3.27401598903209e-05 0.000128645367300629 9.61081204331191
1.15 0.000165057493013802 0.000414819752928181 9.57436246192305
1.16 -4.96765359218437e-05 -0.000197682395837105 9.60837352627085
1.17 0.000369705863734064 8.44709142164245e-05 9.56421661263028
1.18 -5.9549640888371e-05 8.34959632214206e-06 9.48992646174477
1.19 0.000163185653684414 0.000144961722414443 9.45551651673752
1.2 0.000383302095400178 0.000239617882401968 9.4616975764058
1.21 0.000110690579853967 -6.43710204932115e-05 9.42490776782471
1.22 -0.000359147098470244 -0.000205208614966352 9.34405973565914
1.23 -0.000227667832740104 -5.99119847230339e-05 9.27802176845868
1.24 3.44276424408607e-06 9.72768414541929e-05 9.20724468637782
1.25 0.000151658445444944 -0.00010543798268911 9.09975225338798
1.26 -8.29076650646239e-05 0.000220106056455024 9.06750302527418
1.27 0.000428990127156977 0.000358205423516964 8.93469155933764
1.28 1.73349422671564e-05 -8.44278510726316e-05 8.82762625476796
1.29 -6.52732120118422e-05 -7.99831604326584e-05 8.78497981011845
1.3 4.84540767202624e-05 6.51598362574675e-05 8.69965603749785
1.31 -0.000150954852646342 -8.94438766309626e-05 8.61513367736769
1.32 0.000306266817669838 0.000380951987881537 8.5349726666867
1.33 -5.394635358182e-05 0.000197645879848251 8.43606542084432
1.34 0.000212205657380204 -0.000100925042865026 8.34809373046351
1.35 0.000121985277504886 -0.00022531878388177 8.32604314983974
1.36 0.000112628744313182 0.000268310032299551 8.30751529105385
1.37 0.000212632991533669 0.000386006274463052 8.27157755288686
1.38 5.03634613765558e-05 2.01759435477772e-05 8.16997430679978
1.39 0.000587327931749287 0.000333236885452367 8.11135531436961
1.4 4.93895024763278e-05 -0.000227745413483798 8.07301971457859
1.41 5.85605734679704e-05 0.000376780417716708 8.04173371753532
1.42 0.000235287026339223 0.000116279907183812 7.98448509459322
1.43 9.02813974749162e-05 -0.000187280630286733 7.87025740676263
1.44 0.000177108703047115 0.000276815664490496 7.77005687018931
1.45 1.16369691448571e-05 -1.62197322387621e-05 7.70063901554647
1.46 0.000192398512859317 0.000362220367916195 7.68416186368866
1.47 0.000430968836938031 0.000428583652439417 7.59092934014262
1.48 0.000127919051135841 -1.14848146032759e-05 7.51711328999541
1.49 -0.000136037879359263 -0.000104504948237063 7.49191196243648
1.5 -5.00497473440981e-05 4.94120935690679e-06 7.48129450693435
