# Fix print output for fix def1
-7.13617070487274e-16 -0.00834984117412552 -0.0234224973969788 0.0323480300679398
0.00999999999999917 -0.00614462129834161 -0.00277030411091409 0.630009799435102
0.0199999999999993 -0.00340877982202728 -0.00372565127512684 0.998039869303775
0.0299999999999992 0.00105028487348771 -9.09227048975596e-05 1.23141380755719
0.0399999999999994 -0.000317468899929629 -0.00240098193706055 1.4371684366552
0.0499999999999993 -0.000616171171656674 -0.00140853799988058 1.65563550102734
0.0599999999999992 0.00262022618498273 0.00207212825964218 1.90406926481973
0.0699999999999993 0.00294394564802923 0.00237477799971434 2.13665944970442
0.0799999999999992 0.00276291093533622 0.00245008226114286 2.33860805874071
0.0899999999999991 1.29697197206994e-05 0.000798818122448069 2.55763512543258
0.0999999999999993 -0.000449669387087819 0.000529613044716726 2.756682941266
0.109999999999999 -0.000331196904550333 -3.65216287231586e-05 2.91003208082499
0.119999999999999 0.00117005512333172 0.00104405539420574 3.0506291895948
0.129999999999999 0.000941081974366967 0.00176625440163286 3.20530151999883
0.139999999999999 0.000375543483430466 -0.000183949165985127 3.36177962926065
0.149999999999999 9.24464102250309e-05 -0.000624834366414163 3.52121540406914
0.159999999999999 -0.00106629686487594 -0.00157338684788789 3.65877081753425
0.169999999999999 -0.000145577040838684 -0.000219662130556349 3.78666252251902
0.179999999999999 0.00157660572563199 0.00148251726043963 3.90344911915903
0.189999999999999 0.00127111427871083 0.00088368315591729 4.00822248781459
0.199999999999999 -9.45242804291893e-05 4.88742223437178e-05 4.10267790905596
0.209999999999999 -0.000222851388466408 -0.000263283544952385 4.20541440570592
0.219999999999999 0.000900320637845475 0.000581460897659389 4.30771473760699
0.229999999999999 9.25139830525079e-05 0.000307363234052705 4.41148847477155
0.239999999999999 0.00105346061881828 0.000980420490794655 4.53760930776929
0.249999999999999 0.000423361856169834 0.00042396469225304 4.66265865354327
0.259999999999999 0.000419607491986128 0.000347113464733617 4.76471157460242
0.269999999999999 0.000562444278433258 0.00052528742704588 4.84868761447259
0.279999999999999 0.000306688090876308 0.000647325212615024 4.92732561877832
0.289999999999999 0.000327637193709545 0.000382026737773646 5.0059404634565
0.299999999999999 0.000196603419950748 0.000144369819847296 5.08308487651406
0.309999999999999 0.000110538623450599 0.000242056693494476 5.16127487983963
0.319999999999999 0.000220146692044681 0.000284643627540931 5.23835005356175
0.329999999999999 0.000291369892980248 0.000230675354269492 5.30782730313171
0.339999999999999 0.000373154122475658 0.000232630919171154 5.37948670858979
0.349999999999999 0.000560799174563015 0.000387304226336688 5.44472130012897
0.359999999999999 0.000555883813945063 0.000392355998961313 5.50040092228622
0.369999999999999 0.000138585699288435 0.000146528713487023 5.56339926431096
0.379999999999999 0.000175801694042215 4.88474327940773e-05 5.64175438188428
0.389999999999999 0.000373331673097619 0.00035972252528265 5.67970523085529
0.399999999999999 -6.13372736681898e-05 0.000112907668030027 5.72594654080437
0.409999999999999 0.000238333250856586 0.000227876837143653 5.79141748549317
0.419999999999999 0.000464936187498837 0.000464175664024868 5.86577638244216
0.429999999999999 0.000118553535765402 0.000199707768908479 5.92203081421437
0.439999999999999 -0.000179816584018816 -0.000275117642514458 5.96970339550539
0.449999999999999 -0.000295068564381531 -0.000437994837063866 6.02832818244496
0.459999999999999 -4.61429531404574e-05 2.86850836664272e-05 6.10111940476278
0.469999999999999 8.51497028122143e-05 0.000127687392484939 6.16894990055813
0.479999999999999 0.000113445764476266 0.000134657022734194 6.2405399581426
0.489999999999999 0.00042564989450073 0.000374725432691334 6.32370755793904
0.499999999999999 0.000217563739895798 0.000153162757113864 6.39775999383866
0.509999999999999 0.000221658328334115 0.000129534030327644 6.47359179781798
0.519999999999999 0.000337206346196369 0.000222192863869949 6.53006395850641
0.529999999999999 0.000162996386403009 0.000219987291401521 6.57504310787387
0.539999999999999 0.000234608992326955 0.000217382313180674 6.62001653828517
0.549999999999999 0.000192247874980197 0.000222554264265789 6.6985624154025
0.559999999999999 0.000136211863258014 0.000257306377944229 6.77200664908049
0.569999999999999 -4.82761936507496e-05 0.000270337248121395 6.81838120918949
0.579999999999999 0.000571432607817006 0.00091226357544085 6.87573067323575
0.589999999999999 -0.000173378153046706 2.37909367268352e-05 6.96396996241755
0.599999999999999 0.000342333501004329 0.000408407621541516 7.03256496313597
0.609999999999999 0.000140991568776099 -0.000225713112824616 7.09816005671763
0.619999999999999 0.000274938994769191 -0.000288391539947928 7.1911884226524
0.629999999999999 -3.84587854848216e-05 0.000159324696157747 7.19149624326981
0.639999999999999 0.000806393512585621 0.000134072907456095 7.21826987662424
0.649999999999999 0.000250658036710148 0.00035785010687184 7.22787980107284
0.659999999999999 -0.00103953834137049 -0.000819020192200417 7.31914179944942
0.669999999999999 0.00109845916080908 0.000846761355707327 7.32299454743348
0.679999999999999 0.000352592661266859 -4.38215864149944e-05 7.25307907523184
0.689999999999999 3.4300435483794e-05 9.97319798497326e-05 7.47112988729724
0.699999999999999 0.000375469640990643 0.000377839616262296 7.50752903487035
0.709999999999999 0.000138878010818275 -8.17200706763152e-05 7.56627087647773
0.719999999999999 0.000442215255623896 0.000557508073945157 7.66554321509161
0.729999999999999 0.00102883759810665 0.00108712391414245 7.78476917554383
0.739999999999999 0.000118415524770133 -0.000125511535944059 7.96085888288321
0.749999999999999 0.000878312754811978 0.000529616175872674 7.9762598981068
0.759999999999999 2.01329365837208e-05 0.000165186980723138 7.91641067628845
0.769999999999999 0.000379141356758776 0.000342458210491531 7.9900326951666
0.779999999999999 0.000735989735433383 0.000342205865565678 7.99242936352306
0.789999999999999 0.000203649922464951 0.000162549620094471 8.02818534773777
0.799999999999999 0.000529121374670035 8.98577334193967e-05 8.24197988714588
0.809999999999998 8.93052033780118e-05 8.64093896227958e-05 8.50792274881529
0.819999999999999 0.000331346389447881 0.000348963312517674 8.57280325207004
0.829999999999999 8.52594854625633e-05 0.000386482320031421 8.62414983984732
0.839999999999999 0.000453454757025533 0.000184609629711977 8.65163127591097
0.849999999999999 0.000161865342886339 0.000486020024115512 8.60624841634264
0.859999999999999 7.0640142952716e-05 0.000604584194208338 8.71311680355422
0.869999999999998 9.44940629070519e-05 0.000251503863148204 8.85701113633048
0.879999999999999 0.000188909362222578 0.000357922739875096 9.09399576355854
0.889999999999999 0.000244357162342627 0.000405555480844095 9.09745281750905
0.899999999999999 0.000566107105308386 -3.79990142135595e-05 8.99223088596846
0.909999999999998 -0.000233735785580469 5.99711862274075e-05 8.97783641934229
0.919999999999999 0.000649017011193822 0.000416212187561543 9.1800272914849
0.929999999999998 3.02658678967639e-05 -4.1293438564663e-05 9.19894652546384
0.939999999999998 0.000159328852711644 7.93660194333492e-05 9.22622794962411
0.949999999999999 9.45844770679665e-05 -4.67608427903975e-05 9.26807567871995
0.959999999999999 0.000288554982152842 0.000180901053971201 9.41652276696555
0.969999999999999 0.000518570220123614 0.000507019923920928 9.52141575649519
0.979999999999999 1.93060969581386e-06 9.82820139836976e-05 9.57481655313219
0.989999999999998 0.000276868333522517 -6.62275451460374e-05 9.7030773153338
0.999999999999999 -7.10182030995983e-05 0.000348422022555485 9.67605783814664
1.01 0.000192651914421921 0.000235912281727044 9.57294704533418
1.02 0.000469599862094898 4.21156561329316e-05 9.58295212353107
1.03 0.000104387371838364 0.000237986020809678 9.63692436430224
1.04 0.000109176899604776 4.90814906372382e-05 9.5790392636701
1.05 0.000168415072964163 3.22440710324619e-05 9.62011500883817
1.06 -3.70306349369906e-05 9.8259548856995e-05 9.63784251028847
1.07 5.62827169749193e-05 0.000137527515343448 9.73928580139017
1.08 0.000365926463349387 0.000229207224354047 9.78851888154725
1.09 0.000385085419036856 0.000247941935889241 9.71389200801002
1.1 -0.000197148358054179 0.000863101720504637 9.69367823983089
1.11 0.000349299938481078 -0.000297693494053421 9.65982577125485
1.12 9.0430989819813e-05 0.000399853612166773 9.618210217404
1.13 0.000224329550486563 0.000131466080528996 9.67115603740607
1.14 4.0889660595708e-05 0.000128163865302295 9.61071526011308
1.15 0.000164846694271614 0.00042026394375626 9.57425404321679
1.16 -4.29342849797776e-05 -0.000190061055687884 9.60830352829385
1.17 0.000363888097044557 8.155142903307e-05 9.56432345085802
1.18 -5.01643772169427e-05 1.65793901465524e-05 9.49019185271672
1.19 0.000159985006535833 0.000136699015597091 9.45566789223823
1.2 0.000380327085637363 0.00024045634429923 9.46171514649577
1.21 0.00011370477442509 -6.2917298594589e-05 9.4249468331857
1.22 -0.000375748877439261 -0.000220251546126392 9.34409786381135
1.23 -0.000237489243506879 -6.82943540339368e-05 9.27800737321057
1.24 -4.66095464629564e-05 5.09105134686805e-05 9.20719825947447
1.25 0.000132852618001487 -0.000122586694523087 9.0997371776535
1.26 -5.94239161003277e-05 0.00024175094560457 9.06751068048904
1.27 0.000429971775477896 0.000359016081905833 8.9346634494316
1.28 2.01085302844081e-05 -7.97987953575117e-05 8.82761158334375
1.29 -6.68811781220889e-05 -8.27424451185828e-05 8.78497402551958
1.3 5.03912950521116e-05 6.75630931277096e-05 8.69965726210263
1.31 -0.000151461382500081 -9.07723078214671e-05 8.61513272495484
1.32 0.000305159008942856 0.000377276060205711 8.53497954219346
1.33 -5.34142450378526e-05 0.0001992258449314 8.43608695010452
1.34 0.000213988419803558 -9.89709736975405e-05 8.3481231314503
1.35 0.000108276336325895 -0.000238444487013566 8.3260609844445
1.36 0.000114272480746644 0.000267803172751594 8.30751174602226
1.37 0.000227718776626379 0.000405016261555554 8.27156658601284
1.38 5.55192979406292e-05 2.96315498235711e-05 8.1699451128319
1.39 0.000585747370366651 0.000333401326429717 8.11132329318258
1.4 4.76973041578943e-05 -0.000220586759724891 8.07300607531283
1.41 6.60638661253079e-05 0.000377391397168252 8.04173466453206
1.42 0.00021181854516361 9.59458339466091e-05 7.98446690963367
1.43 9.70566786597059e-05 -0.000177850004548618 7.87025940294922
1.44 0.000170089404599383 0.000272302107103438 7.77003280771051
1.45 1.13951658684378e-05 -1.5698666788789e-05 7.70064105642429
1.46 0.00019945602023213 0.000368506883156535 7.684174636165
1.47 0.000433169300114206 0.000430187666693245 7.59093325316633
1.48 9.13793976206248e-05 -4.16396515931435e-05 7.51708623657089
1.49 -0.000125630435778242 -0.000100362976297724 7.49191795108582
1.5 -5.76731041331394e-05 4.504823036544e-06 7.48129526669981
1.51 -0.000275196699904199 0.00019629374244711 7.39180185208985
1.52 1.40575483836833e-05 5.75944748269171e-05 7.30821326886865
1.53 0.000114878532378948 0.000183668822601609 7.29370782454095
1.54 0.000285498961520872 4.07193411994744e-05 7.206879633824
1.55 -4.91974826939592e-05 -3.12772937963829e-05 7.15555939871792
1.56 1.27058996615621e-06 3.95403219496065e-06 7.11606385975479
1.57 -6.10033732846322e-05 3.43868808512709e-05 7.05077372752712
1.58 0.000157314771579001 0.000114141572871053 6.97696608530958
1.59 0.000361589755195054 0.00034643712926336 6.96343732713423
1.6 0.000297887847816068 0.000350578152037829 6.99305612361219
1.61 4.96685274675601e-05 0.0001093398596297 6.88790092593765
1.62 -0.000247261623454257 -0.000140244467157507 6.83298428680086
1.63 0.000277243011714687 0.000149199796558603 6.80258449434447
1.64 4.78812268252383e-05 -1.40529240495072e-05 6.75159291497174
1.65 4.16958904824854e-05 9.23072238087407e-05 6.69952808196472
1.66 -3.00868561904431e-05 -9.76572810593509e-05 6.65633450809859
1.67 -7.05555638827601e-05 -0.000102398307900161 6.64053881671281
1.68 0.000338981305701428 0.000348357329495683 6.63141667412467
1.69 0.00061712426327459 0.000535545908782712 6.56767406834209
1.7 -0.000277299125665813 -0.000160029833426803 6.52764441204107
1.71 -7.14380999092258e-05 5.06895375219277e-05 6.48856265553882
1.72 0.000507305060178132 0.000577898516352176 6.43058102288818
1.73 8.57323441172612e-05 0.000169760247141211 6.37720062968408
1.74 4.35721192539672e-05 5.99958691216867e-05 6.36013851106154
1.75 -0.000109489199839073 3.20581686669364e-05 6.34001113338424
1.76 -0.000128035498319252 -0.000160348751165468 6.28037821614584
1.77 0.000328494882769894 0.000231713821450694 6.20808673076214
1.78 0.000275756901932399 0.000295211249346726 6.1474497494779
1.79 0.000273603417599688 9.78291013518149e-05 6.11450067348891
1.8 0.000189155768157762 -4.06211827803676e-05 6.11450864138011
1.81 0.000358922552616736 0.000424884739555764 6.10366698665759
1.82 0.000206789975208905 0.000122212446753195 6.09596422420532
1.83 -0.00017234282225816 -8.91568265966643e-05 6.09970749493555
1.84 -0.000270869463644486 -0.000159332466451918 6.06808533731529
1.85 0.000191915290450974 0.000182000288240403 6.01273703395561
1.86 0.000331796739645542 0.000235528916804338 5.94926390295778
1.87 0.000210485202383395 5.66081232220535e-05 5.88373933470718
1.88 -0.000271032667498254 -1.55053112544991e-05 5.82869784292499
1.89 0.00012664388952175 -4.44480584886951e-05 5.79685763656784
1.9 -0.000178084727573288 -0.000310253506734107 5.78589209865324
1.91 -0.000228274328702272 -7.66914728203804e-05 5.78253191569567
1.92 -3.66361019962192e-05 -2.44656285449021e-06 5.77675864734755
1.93 0.000119159785190482 3.47057279960275e-06 5.76100078436992
1.94 -3.24060804906591e-05 -8.74017465459251e-05 5.72113333044113
1.95 0.000127558111591245 4.193500099335e-05 5.65433925275534
1.96 1.74291278906457e-05 0.000133457558617675 5.58462385008023
1.97 8.28882392421548e-05 3.34035405714176e-05 5.54449475431517
1.98 9.82267225845116e-05 0.000135931964160123 5.53760680985431
1.99 6.48764289196675e-05 5.81602446473262e-05 5.51575741862484
2 5.02233117275934e-06 2.47872338463128e-05 5.51100658220596
2.01 8.5819700452464e-05 0.000126224128858486 5.48444694386206
2.02 0.000122877434381819 3.27674003982108e-05 5.44932828545929
2.03 0.00029927375062682 0.000278834171692732 5.41000117620729
2.04 -0.000283930343489768 -0.000173128200931363 5.37066528303793
2.05 0.00021525744839645 0.000182220770661104 5.34048333647665
2.06 0.000381101234636973 0.000320952837975976 5.30831516763249
2.07 -0.000258180154061229 -0.000344859768343393 5.2806432852856
2.08 0.000109805413473076 5.98618802707604e-05 5.2791853107832
2.09 0.000219387760475736 0.000227194273488011 5.28033035048182
2.1 0.000208334138554073 0.000277373344061627 5.2441243054207
2.11 -1.65032817633739e-05 3.78836796166142e-05 5.20400823052725
2.12 0.000209604940498045 0.000369721526693105 5.19026138583663
2.13 0.000488601468962488 0.000643016555603584 5.14086001079802
2.14 0.00028616822856601 0.000438995747673655 5.08470127274297
2.15 0.00034916471574103 0.000223628731403772 5.0442629296654
2.16 0.000274401269627221 0.000237956380765969 5.07789581425874
2.17 0.00010596937538085 5.40511632168213e-06 5.02433043303697
2.18 0.000280029083633459 0.000225343248199874 4.92270604748627
2.19 -5.43478403319592e-05 -4.48188231594862e-05 4.8699848658592
2.2 5.72715057679357e-05 0.000240689912651067 4.89166841384773
2.21 -3.73749372585075e-05 -0.000178608462748572 4.88723475134005
2.22 -3.38929554359636e-05 5.09053009489187e-05 4.87071946748832
2.23 4.72367708774349e-05 8.01555520198949e-05 4.82613937630698
2.24 -5.40653683115836e-05 0.000116826559723166 4.8579206093058
2.25 -0.000145272234253459 -0.000266211386476677 4.80143552007735
2.26 0.000581718960043545 0.000640695819937441 4.73230575047228
2.27 -0.000225410919127329 -0.000348796413213814 4.72752837785693
2.28 0.000134538498461785 0.000166204078575937 4.75990599730732
2.29 0.000141643092955826 0.000226121225679082 4.78004221567206
2.3 1.99346906962698e-05 -1.05287234075979e-05 4.74867192724231
2.31 4.38688757575589e-05 7.07839866668401e-05 4.74389408718396
2.32 0.000215641719134359 0.000143868041689106 4.7308835367694
2.33 9.04413412926772e-05 2.77689853643896e-05 4.71381207240957
2.34 0.000193142626674779 0.000170511593553116 4.7042750634107
2.35 7.87978460790658e-05 6.24953611132968e-05 4.69033897529482
2.36 -0.000261855586529858 -8.82302220141119e-05 4.57700843015512
2.37 7.26792988617192e-05 8.16153652839298e-05 4.4923235365267
2.38 0.000136619422262172 9.73868302189014e-06 4.64627367899516
2.39 0.000200709591288985 0.000125838107014284 4.63512629226729
2.4 0.000527891431299023 0.000400064975442367 4.45243505894736
2.41 5.78277745894103e-05 1.10952116040639e-05 4.43270312420305
2.42 -0.000105638993515332 -9.5188122861883e-05 4.52093888282331
2.43 0.000318461418785297 0.000238040200088204 4.51556144363025
2.44 0.000177698197215251 0.000174350019353424 4.44345543542509
2.45 -1.24497833069044e-05 -1.33103436468781e-05 4.38119829788326
2.46 0.000294357731033459 0.000117588149929305 4.35887239617034
2.47 -4.03262678127423e-05 0.000110575685502536 4.35800136912722
2.48 5.69215990145782e-05 -2.70532276530677e-06 4.3292219494291
2.49 3.04481511463235e-05 5.07705604365162e-05 4.26281583887827
2.5 -4.2630813685471e-05 -2.41656897199943e-05 4.24515104190667
