# Fix print output for fix def1
-5.75447325551053e-16 -0.0325465441729996 0.124520693025569 -0.0796765029655558
0.00999999999999929 0.00691072179133431 0.0116496330082204 2.54972794979863
0.0199999999999994 0.0119126825613425 -0.00301840787650612 3.46576664632546
0.0299999999999993 -0.0036734116797664 -0.000125593880687332 3.47860605109797
0.0399999999999994 0.0110110133385892 0.00596942355989968 3.48556638127698
0.0499999999999993 -0.00795266450235366 0.0106425754425209 3.70332595591992
0.0599999999999995 0.0034278160634884 0.0018723877380407 4.08922386731224
0.0699999999999993 0.00696438038699258 0.00914998325919734 4.55033758999462
0.0799999999999995 0.00957493866573153 0.0044672128849048 4.96915309766764
0.0899999999999993 0.00342292406888196 0.00302193844247372 5.28052867206766
0.0999999999999995 -0.000698485597450737 0.0044522329246174 5.65679619540051
0.109999999999999 0.00169787491927184 0.000723543344405415 6.08109717394558
0.119999999999999 0.000448219314988882 0.000903103344419269 6.53471293921298
0.129999999999999 -0.0016945948385283 0.000869742744198721 6.99218882563217
0.139999999999999 -0.000297250901503773 -0.000792086827346679 7.41324266186558
0.149999999999999 0.000715028676367081 0.00120165251970563 7.76742753443222
0.159999999999999 0.00134114596932343 0.000393584902151111 8.08177576113451
0.169999999999999 0.000580970382341029 0.000467926489032074 8.36197312875588
0.179999999999999 -0.0022192651907645 -0.00194025981396232 8.64207869650812
0.189999999999999 0.00203735682487902 0.00157486636276995 8.92433088314418
0.199999999999999 -0.00130817459000874 -0.00213197799595848 9.21317546498677
0.209999999999999 -0.00045989881895182 -0.000709662718208596 9.5355376238295
0.219999999999999 -0.000525106142241503 0.000355821540968014 9.8859491335734
0.229999999999999 0.00041089712228856 0.000708993812930494 10.2571497651816
0.239999999999999 -0.000205414794840496 0.000143082987602371 10.620185323062
0.249999999999999 0.000481449463890328 0.000791632692704162 10.9757336410161
0.259999999999999 0.000435587692134731 0.000845123193952234 11.3296094513049
0.269999999999999 -0.000667491911333156 -0.000352351781465794 11.6763504201572
0.279999999999999 -0.00076848625009923 -0.000607248312452586 12.0189417790549
0.289999999999999 -1.40228496763947e-05 -0.000211299122380909 12.345392844881
0.299999999999999 0.000224892727450028 0.000449153099815556 12.6571315355345
0.309999999999999 0.000697028277776944 0.000557753023282094 12.9160335419675
0.319999999999999 0.00130471928735539 0.00131176600260204 13.1676433658325
0.329999999999999 0.000695711679581208 0.000693693018905377 13.4092474340286
0.339999999999999 0.000436239816298533 0.000513772211986988 13.6195939833821
0.349999999999999 0.000374739043057853 0.00022932075474472 13.8104803199796
0.359999999999999 0.000292615515897651 0.00036656021325767 13.995545201163
0.369999999999999 0.000605394019250456 0.000394103611943668 14.1413898404764
0.379999999999999 5.4654354520315e-05 0.000601001899423806 14.2893913504316
0.389999999999999 0.000453277037237919 0.000683677582199262 14.4304103359712
0.399999999999999 0.000777450731237572 0.00095926322857451 14.5537818589996
0.409999999999999 0.00046554846811196 0.000826840254119551 14.6929576943969
0.419999999999999 0.00050672078749525 -1.25099896055955e-05 14.8566250883107
0.429999999999999 0.000705954244811861 0.000706685808613651 15.0660375542057
0.439999999999999 0.000357044158445877 0.000498062297124054 15.2142987158147
0.449999999999999 0.00061493045899737 0.000737710599493449 15.3455820725758
0.459999999999999 0.000656188497681301 0.000656072316213898 15.5091621646765
0.469999999999999 0.000473375032411795 0.000492853827459823 15.6883590230427
0.479999999999999 0.00084991594386339 0.00103772250498952 15.8006605826868
0.489999999999999 0.000285753888341837 0.000195802349674856 15.9388420574482
0.499999999999999 0.000519839025434064 0.000695964585039643 16.0831102458873
0.509999999999999 0.000529386867782222 0.00102217130743061 16.2592419760372
0.519999999999999 0.000306042935182153 0.00057885140147127 16.4375845158908
0.529999999999999 0.00125917535162157 0.000615683060552825 16.550999284069
0.539999999999999 0.000262834972705735 8.50859994936455e-05 16.7079881166267
0.549999999999999 0.000987020097813609 0.000716085920441545 16.8419534795404
0.559999999999999 0.00111490723242543 0.000872184292824027 16.9805092983291
0.569999999999999 0.000695442114595345 0.00030871433883636 17.1468042643979
0.579999999999999 0.000468363695490715 3.97273187874518e-05 17.3300120939045
0.589999999999999 0.00047142255463861 0.000813542113526417 17.4910324736988
0.599999999999999 0.000560904958713424 0.000743058624140945 17.7277940048631
0.609999999999999 0.000494464920772615 0.00064018429700724 17.9337164943535
0.619999999999999 0.000384053451341741 0.000749698410926691 18.1761893618122
0.629999999999999 0.00105821439652538 0.000328159478622768 18.3582580490489
0.639999999999999 0.000690272291688362 0.00029183617040067 18.495086763499
0.649999999999999 0.000284205721623048 0.000213048003382125 18.7478320330692
0.659999999999999 0.000846578982490502 0.000538206384744763 18.9844457933825
0.669999999999999 0.00123854602476058 0.000864032932998469 19.1893915711448
0.679999999999999 0.000251508985791972 0.000368342664206126 19.4509656717004
0.689999999999999 0.000782413782844436 0.00106179636575444 19.7218388106822
0.699999999999999 0.000428178264121312 -4.66745272520188e-05 19.9722092195887
0.709999999999999 0.000906225925102977 -0.000182973599801301 20.119176401714
0.719999999999999 0.00114362100917672 0.00031747979800105 20.3764639042393
0.729999999999999 0.000820238095516974 1.3610219870152e-06 20.6694920560514
0.739999999999999 0.000862326668012414 0.000178363023395257 21.0869547623041
0.749999999999999 0.000742850366738464 0.000103725280446799 21.4138579077123
0.759999999999999 0.000881758553981277 0.0009707339772488 21.8563166503387
0.769999999999999 -0.000291628613252285 -0.00176033347308155 22.0839549910101
0.779999999999999 0.00153668504638174 0.00106395581026156 22.3485979963454
0.789999999999999 0.000293613403687469 0.000528894769156129 22.6238906209742
0.799999999999999 -0.000283489014563494 0.00116737530804601 23.0608721869143
0.809999999999999 0.000770912126587405 5.32048392656318e-07 23.5830331082492
0.819999999999999 0.000414129351755201 0.000515502741300265 23.7829307467734
0.829999999999999 0.000102729937628827 0.000374733489568007 24.0796455159603
0.839999999999999 0.000677405841687457 0.0008497216220532 24.5238844121583
0.849999999999999 0.000898403876530243 0.000863257357505572 24.8897703329439
0.859999999999999 0.000478062773448726 0.000308651465282374 25.2302271579259
0.869999999999999 0.000578568168376625 0.000335243871211567 25.3867698301452
0.879999999999999 0.000723424721770276 0.00050443830184731 25.4919906446314
0.889999999999999 0.000691618054019127 0.000994707697900262 25.7496917013275
0.899999999999999 7.36978034227246e-05 0.00133510048484751 26.0708723087665
0.909999999999999 -0.000395270560074003 0.000367218339198506 26.3445572272183
0.919999999999999 0.000588185896005277 0.000960263311951705 26.6470463998583
0.929999999999999 -0.000449180265309731 0.00014928684205717 26.8407553698877
0.939999999999999 0.000141521280966677 -0.000841133208358901 26.9099324983182
0.949999999999999 0.000625176634064845 -0.000710891050294581 26.9995914929965
0.959999999999999 0.000731998663410532 0.000372650344248258 27.136803463987
0.969999999999999 0.000812418090616653 0.000767567637233908 27.274018024759
0.979999999999999 -0.000681577454945471 0.000138109466669715 27.2760401134327
0.989999999999999 0.00033363844858309 0.000107002470946312 27.2123726062908
0.999999999999999 0.000202597305318277 0.0013415284151671 27.153122177789
1.01 0.000544643849594367 -5.69006246727691e-06 27.2275702967607
1.02 0.000223904740115577 -1.31338056956414e-05 27.1375785169633
1.03 0.000208641994886206 -7.07707439379245e-05 26.9262982690208
1.04 -0.000226497161222868 2.97600989322888e-05 26.9075954999953
1.05 0.0007617245291136 0.00059414820096353 26.7844698726366
1.06 0.000185799709439542 -8.75109839426668e-05 26.7655474640169
1.07 -0.000583191278300176 0.000360878206299482 26.6311658547777
1.08 0.00230078573056768 0.00185935200056262 26.4686656713914
1.09 0.000409169424699894 0.000692971880180083 26.2457813021085
1.1 -0.000534302373632802 -0.000112637980270842 26.1477606001996
1.11 0.00066430614682578 0.000361256533505217 25.9655961617329
1.12 -0.000404324678735012 0.00158338803665927 25.7038041909704
1.13 -0.000258314150324515 0.000251537169776986 25.4898598281587
1.14 0.000282976383170728 0.000218762016354457 25.271262908859
1.15 0.0002948739538693 0.000855561333369489 25.1216195574886
1.16 -0.000447293132753122 -0.000262266420429831 24.9217419792937
1.17 0.000190811452859635 0.000458407208787248 24.7913584368082
1.18 0.00113200832896227 -3.80272160507238e-05 24.6373656900777
1.19 0.00141529478518725 0.000833884612877761 24.3883672707247
1.2 0.000331662501965501 -0.000814428586925361 24.1846490872086
1.21 0.000367333979911235 0.000301564013909244 23.9497260109115
1.22 0.000503111897656728 0.000212181709486581 23.7094264490808
1.23 0.00058380854994802 0.000415589935367707 23.5667315443414
1.24 0.000868223728029615 0.000633691324746662 23.3450487345453
1.25 0.0003205603568867 7.8895137895852e-05 23.1867386353039
1.26 0.000173169917584921 8.47828484200514e-05 23.0776769008313
1.27 0.000220366236144659 0.000358262324932645 22.9764752014898
1.28 0.000605349249580534 0.000586709611313117 22.8769955292546
1.29 0.000289183971711542 0.000347213118101272 22.6544785964585
1.3 0.000594386233147624 0.000742124592269591 22.4540906307059
1.31 4.34962663533313e-05 0.000644720411273721 22.2302301634664
1.32 0.000447153783119892 0.00024289290104115 22.0980477835338
1.33 0.000342920788865277 0.00051435470512449 21.8849242481911
1.34 0.000197969052688613 0.000152391461474669 21.6817500437195
1.35 0.000125223106977761 0.000274069617681904 21.4690904198078
1.36 0.000310438175301583 0.000238389420751308 21.2574520216403
1.37 -4.18553043598803e-05 0.000190140718762823 21.0512962594231
1.38 0.000201095357864257 0.000319236490648102 20.8421698079855
1.39 0.000530499904635598 0.000127839317319462 20.7053269911974
1.4 7.4127312242357e-05 0.000608887613509603 20.5344153386193
1.41 0.000689704356254136 -0.000227683985370107 20.3275680813907
1.42 0.000257951327373615 -8.29148478715839e-05 20.166293308985
1.43 0.000199857072211276 3.13376388444241e-05 19.9647679559261
1.44 2.42167818629903e-05 1.2536233100781e-05 19.7816986125387
1.45 0.000741089196769311 0.00055227077426116 19.6766195530924
1.46 0.000172175660616569 0.000958030741590472 19.6075891811208
1.47 0.000517962568690051 0.000236990800601964 19.430949481299
1.48 0.00013876360438696 0.000712933007374862 19.2583445220365
1.49 0.000546152382760196 0.000298678584009713 19.0387778296585
1.5 0.000611349098776126 0.000515228799422928 18.8609398749371
1.51 0.000528105968192748 0.000603166457894783 18.7434866395066
1.52 0.000269593483953039 0.000219131364480145 18.5970868341137
1.53 -0.000174939550258427 2.06725856839928e-05 18.4937147206535
1.54 0.000442640704895211 0.000166178500889178 18.3695503980227
1.55 -3.32433615035591e-05 -0.00037338871635665 18.225258882075
1.56 -5.56310172960536e-05 -0.000346593058170693 18.0883168652052
1.57 0.000630362525292015 0.000269974191315278 17.8982747013558
1.58 0.000575443855206973 0.000156235375252149 17.7242414983387
1.59 -9.41267668273697e-07 -0.000177833953624487 17.6382368882742
1.6 -7.79344864107658e-05 1.27012827791905e-05 17.5717265267159
1.61 0.000716091306973617 0.00071422461668061 17.5060323500799
1.62 0.000734717793099699 0.000613256775214419 17.4342181434126
1.63 -0.000310206853303123 -0.000220239495115807 17.3312936689901
1.64 -0.00014864426707971 4.44995663235504e-05 17.157548859032
1.65 0.000199587500334855 0.000278690036385403 17.0011568789006
1.66 -0.000463673387628882 -3.16819495082774e-05 16.8941548632013
1.67 0.000550964045037235 0.000770975479028833 16.7504831695361
1.68 -0.000130317006772468 5.85952143010246e-05 16.5869536592798
1.69 0.000417345253979165 0.000448817395941884 16.4848004818379
1.7 -0.000391048727633857 -0.000388484058827466 16.4066137485025
1.71 0.000545736204153109 0.000402337413886035 16.269209461601
1.72 0.000703072060905273 0.000563985113984187 16.0414050068423
1.73 0.000133609338129359 -8.61750247893799e-06 15.8593375966828
1.74 -0.000191630694641306 -0.000110380340667838 15.7154997554223
1.75 0.000415185893360233 0.000349681905573768 15.6031392531942
1.76 0.000215540758657851 0.000215665070218954 15.5036673194549
1.77 0.000336693734236854 0.000113904794586501 15.3815770352791
1.78 0.000130206305474888 0.00013605348660619 15.3118231852065
1.79 0.000512707221259792 0.000763623366976741 15.2427381289378
1.8 0.000567137229466121 0.000510592255692003 15.0911719932517
1.81 0.000135089919694648 9.89777040515904e-05 14.8934920656818
1.82 1.18505634657464e-05 -9.13478962183161e-06 14.7512568560993
1.83 0.000181632867223264 0.000269547538027928 14.6345157980077
1.84 -3.46998018290233e-06 -2.63607363114004e-05 14.5144814186946
1.85 -5.03081070704091e-05 -0.000460882299902753 14.3700100025314
1.86 -1.07646811891007e-05 -0.000168873292155298 14.312065943939
1.87 0.000451734098638176 0.000283591926147451 14.2190438971338
1.88 0.000371580738852878 0.000288083843510568 14.0422448051593
1.89 -0.000610927007979879 -0.000557933432571371 13.9123849561757
1.9 -0.000177904194882162 -0.000149250987337374 13.8455017664534
1.91 0.000243163717796547 0.000402964624570708 13.8320350428285
1.92 0.000461999421841627 0.000374836297883221 13.7875940976403
1.93 0.000188810293405841 4.46133026428727e-05 13.6550345040362
1.94 0.00042732299191816 0.000435898932308193 13.554161735447
1.95 3.96029667465999e-05 0.000388165467316505 13.4574252156192
1.96 0.000583135978012927 0.000541873149010774 13.3504071794053
1.97 0.000316079752798882 0.000329158119255738 13.2697686571831
1.98 0.000297489692813836 0.000333073755192163 13.2132190050733
1.99 0.000220811451410269 0.000219999447634416 13.1484388552868
2 0.00025215974400439 0.000389291966231473 13.0685205173408
2.01 0.00037984929417671 0.000296977122300456 12.9555230328776
2.02 -0.000123944114963828 2.74295744586344e-06 12.9076365348775
2.03 -1.38817555641177e-05 -3.50059286207508e-05 12.8632077756073
2.04 0.000137807009465635 9.07189182890949e-05 12.7936349822997
2.05 0.000142678202702747 0.00027630937723566 12.7003769362434
2.06 2.46217050108768e-05 -1.26150042848963e-05 12.6484572484301
2.07 0.000140963680660769 0.000178960235310747 12.5458832227534
2.08 0.000364619632282909 0.000373321101803146 12.5094095006513
2.09 -0.000396971291000824 -0.000174175685841848 12.5087927280898
2.1 0.000224534553638927 0.000160511665376376 12.4356617841422
2.11 0.000249350551683387 0.000161849237673872 12.3463808128207
2.12 7.15007453588487e-05 8.8876368533561e-05 12.2445981447208
2.13 0.000138566118898399 7.07073651425153e-05 12.2661319686928
2.14 0.000271076221346353 8.46662070914544e-05 12.2548538193501
2.15 0.000217470621135541 0.000202499136495332 12.1251234614483
2.16 0.000994356429335106 -0.000345934214291772 12.0299196146985
2.17 0.000754502565883111 8.96561318400292e-05 12.0112246777145
2.18 2.72216037244579e-05 0.000135198070423547 11.9011097837865
2.19 0.000185924760907033 0.000243602022237658 11.8397037880356
2.2 2.70981265997432e-05 0.000118469488337132 11.839139186189
2.21 0.000292266986505408 0.000337815793485364 11.79657368901
2.22 0.000236639290895095 0.000165158668779792 11.7690905638236
2.23 -3.74992938736485e-05 -0.00015137152767022 11.6394053702944
2.24 -0.000204881377906895 -0.000133719359534836 11.5194196566074
2.25 0.00023232305725814 0.000215798812785321 11.5452166893113
2.26 0.000197479399889566 0.000365394872924752 11.4935730966708
2.27 0.000176466022528953 2.13562472611871e-05 11.4385464460409
2.28 1.34903454052985e-06 -8.72034553664686e-05 11.329589421504
2.29 2.30934904189564e-05 0.00023391026350493 11.2048471679341
2.3 0.000458173518372797 0.000596907258178777 11.2523094637444
2.31 0.000232375526546452 0.000376328828114854 11.3083914533805
