# Fix print output for fix def1
0 0.115271663145622 -0.257847720902507 0.135309005506531
0.01 -0.083616328721935 -0.0143380859208307 4.32761680393268
0.0200000000000001 -0.0299179050039804 0.0101108572371945 6.01516556281299
0.0300000000000001 0.0210592145385218 -0.00688761962960597 6.36299191130102
0.04 -0.00806991335674748 -0.00832045937038039 6.30217591561853
0.0500000000000001 -0.00048506190363675 0.0333713656694856 6.54975817277988
0.0600000000000001 -0.0137628937980902 0.0209933339360364 7.09568433409781
0.07 0.00199287328842912 0.01764732223555 7.66706797618228
0.0800000000000001 0.016028258400986 0.00487965942982853 8.27209450304038
0.0900000000000001 -0.00640465785756274 -0.00457075721875236 8.96017312402207
0.1 0.00619310417501655 0.006108760049287 9.67660110146853
0.11 -0.00373695487320369 -0.00330392571938367 10.452852365727
0.12 8.55456006881278e-05 0.00407680901272175 11.2497347398036
0.13 -0.000786175764404276 -0.0020378132843699 12.0461256275669
0.14 0.00126529931946691 -0.000258022615326756 12.7498971397166
0.15 0.00148289167568072 0.00135189289738004 13.4100057940765
0.16 0.00110679787060704 0.000757530981235664 14.0888695691719
0.17 0.000465504959902618 -8.43708363671238e-05 14.7521693252285
0.18 0.00299200761037661 -0.000647080834514865 15.3620191382174
0.19 0.00333186110054197 0.00622392244516777 15.9288671525613
0.2 -0.00223397557578833 -0.000225519886155412 16.4675760575517
0.21 0.00333854009535744 0.00542727246454116 17.1010594271085
0.22 -0.00278343701838106 -0.00228272638161809 17.787147984608
0.23 -0.00333330853410998 -0.00329549392866948 18.5155436816921
0.24 -0.000602863303889677 -0.00109882508929574 19.2722087440625
0.25 0.000725425426118733 0.000943192118685456 20.0900979988921
0.26 -0.00244967595494148 -0.00241512500549999 20.871516638145
0.27 0.00172930599739474 0.00167280796141949 21.586101755432
0.28 0.00163882991026003 0.00196308075123873 22.2874380319136
0.29 -0.000472259932880351 -0.000241909989175578 22.9373131542436
0.3 0.0014593432886155 0.00123899192346341 23.4918334598256
0.31 0.00106003212117258 0.000520392337788974 24.0075925877214
0.32 0.000634172504256414 0.000655094459138952 24.4869150031434
0.33 0.000941526470243094 0.00079424567764736 24.8639605114313
0.34 0.000734312705670597 0.000807116176331582 25.2301070073152
0.35 0.000101230310006004 0.000339517720610917 25.5710622267801
0.36 0.0010271583233512 0.00154211096340526 25.803729732838
0.37 0.0015761790577516 0.00161161326810643 26.0270617034947
0.38 0.000373786883934719 0.000715223958479276 26.1979103143877
0.39 0.00081204087526858 0.000413393820899398 26.3209486127842
0.4 0.000753962985530581 0.000572232157393023 26.5295887242595
0.41 0.00092361071682681 0.0010845585088259 26.6931641846768
0.42 0.00180443011098873 0.00160636148705976 26.8411510080222
0.43 0.000480186972710597 0.000806800555425298 27.0392370618371
0.44 0.000418111117467413 0.000690459033625885 27.1566294417555
0.45 0.000365660075700136 0.000687077032019229 27.3556422289897
0.46 0.00109180463590227 0.00126895446046194 27.5562495449895
0.47 0.000979432645479711 0.00079396166592298 27.7122935552984
0.48 0.000841714842403476 0.000588175638161995 27.9423036146421
0.49 0.000917890221465632 0.00112182759639972 28.1493897573317
0.5 0.00102464988520833 0.000748441832331232 28.4021507988471
0.51 0.00109576004087346 0.000753119219407814 28.7143221705596
0.52 0.00106756740365341 0.00120085425528468 29.0043015973617
0.53 0.00107245254901582 0.00104964108654271 29.365823505112
0.54 0.00116507934600969 0.000957231300503937 29.7302954241067
0.55 0.0008389882752228 0.000648503011752407 29.9628028565636
0.56 0.00109990356251805 0.000789948633841138 30.242306469116
0.57 0.00173438758005685 0.000981868527186462 30.6030246281872
0.58 0.00085722987603243 0.000383764737785408 30.9698817384398
0.59 0.00111738972374846 0.000929766537618067 31.3331043133266
0.6 0.00106325614078294 0.00093155362646833 31.6853984010039
0.61 0.000750824983934235 0.000983557673646963 32.1122695093307
0.62 0.00117538932827457 0.000831102230730429 32.5123966211179
0.63 0.00100119023880238 0.000681928892741514 32.8604911952624
0.64 0.0017811612068282 0.00156424402093111 33.2641066286636
0.65 0.000895379519788037 0.000357139938676017 33.6981700362398
0.66 0.00164569167425312 0.000581188364931479 34.2047999221206
0.67 0.00127842124790327 0.000642420788364927 34.8104339390558
0.68 0.00108052974219234 0.000870114596315296 35.4079038592413
0.69 0.00100363204556852 0.000280990482320482 35.9636489042682
0.7 0.001343499697078 0.000258138543990712 36.6339418731443
0.71 0.000355531350049094 0.00137793188636652 37.1330244517862
0.720000000000001 0.000249659299244332 0.000639943935230599 37.7745008142476
0.73 0.000586227766372258 -0.000189988698421883 38.4219672935845
0.74 0.00188481117709662 0.000758377138299607 39.0596615744453
0.75 0.00112875993690749 0.000726952312353949 39.7122898114444
0.76 0.000491969570795811 0.000577600222468529 40.4805561309113
0.77 0.00118678899252081 0.000751770794315004 41.2017112684381
0.78 0.00137921267822718 0.000989120171443591 41.721399409398
0.79 0.000487383270374527 0.000545895473648741 42.2304757270462
0.8 0.00100907012734643 0.00107178974015152 43.0327335706244
0.81 0.0006988171575999 0.0010379987749449 43.757140629281
0.82 0.000933434586454127 0.000664759373552176 44.5045118604858
0.83 0.000681575979568073 0.00120756969243047 45.1156935161639
0.84 0.000875449619399343 0.000555218950030769 45.7046196547107
0.850000000000001 0.000619734675830151 0.000759542825487638 46.406573660359
0.86 0.000186428154933767 -0.000569230701279232 46.9800131429069
0.87 0.00111274476594793 0.00106487259040342 47.5190558149293
0.88 0.000307332443379672 0.000556350295644076 48.0230352661813
0.89 0.000143423363561862 -5.62955104041442e-05 48.444442107816
0.9 -3.77013616312779e-06 0.000125527421915573 48.8910233946442
0.91 0.00113164031824042 0.00151973852315905 49.4246477511135
0.92 0.000816297981226557 0.00058940110402219 49.8484297529691
0.93 3.59207386773042e-05 0.000408034213647559 50.2363063050141
0.94 0.000360937649796743 0.00128725423304461 50.5421403921155
0.95 0.00100329800301483 0.000791153995841498 50.6639584754697
0.96 0.000647792946725386 -0.000613365484211392 50.5816849578711
0.97 0.00135443012199369 0.000821443049875602 50.639306196152
0.980000000000001 0.000629741915881324 -0.000155440435444203 50.5357307706483
0.990000000000001 0.000857130484072932 0.000772367999138786 50.2871747371435
1 -0.000388868306286272 0.000481952495262055 50.1440163063698
1.01 0.00108007790994035 0.000570223349395096 49.9586487116336
1.02 0.000492098565176869 0.000463379813280615 49.7028821282541
1.03 0.000608840788295848 0.000814076363069546 49.4654490056514
1.04 -0.000358550106607448 0.000422662898898419 48.8465095183904
1.05 0.00077004272331573 0.00182637674653057 48.4119560425384
1.06 0.000304201546802515 0.00121896010080701 48.2073469041064
1.07 2.60947740842609e-05 0.000427652079395465 47.9120147156973
1.08 -0.000284917924997354 0.000672351101080979 47.4952618485299
1.09 -9.80833998702197e-05 -0.000218046854086413 47.1150443254127
1.1 0.000728664853438824 0.000330862118134695 46.7581624686586
1.11 0.00111510804503742 0.000759606990251866 46.2813873501683
1.12 0.00113252500111727 0.000494202334519318 45.8278835159687
1.13 0.000637685032032897 0.000573446616284261 45.5187424553652
1.14 -0.000126243468783028 0.00115423774000921 45.0015121438245
1.15 0.000246222884337351 0.00104994344574549 44.6845393528894
1.16 -5.61533932853103e-05 0.000794393298557386 44.4740926413437
1.17 0.000194475641956127 0.000633356280367782 44.0536524185135
1.18 0.000656604931002569 0.000718057997380517 43.6510423402935
1.19 0.000392109963457808 0.00068776146720698 43.2148517499264
1.2 -4.54071135760902e-05 0.000567338366565529 42.8084782924116
1.21 0.000259825112546507 0.000718888907385497 42.492648752839
1.22 0.000633398145748371 0.00116712423379639 42.0476295368383
1.23 0.000449499529241444 0.000111047539882917 41.6407747290849
1.24 0.000410248893975741 0.000390062878809977 41.1796720083292
1.25 0.000152944271347858 0.000252235619776587 40.6963544112486
1.26 0.00020420721588613 0.000390555954855091 40.2352076891358
1.27 0.000358097126364653 0.000197024682291698 39.9762451045597
1.28 0.000962262347456613 0.000947697700242934 39.6937124145992
1.29 -5.06833545640344e-05 0.000260771116103019 39.3016007395037
1.3 0.00081507905220533 0.000557393161980991 38.9379665424986
1.31 0.000157847403943228 0.000921083942317833 38.6566160424191
1.32 0.000196979339011423 0.000211936442495856 38.3838413478064
1.33 9.05617624500216e-05 0.00122526208899972 38.1378198262311
1.34 0.000932426520377224 0.00104926486015698 37.7539460490633
1.35 0.00102951163028715 0.000987989149834438 37.3835951463202
1.36 0.00046683236575158 0.00040926689282016 36.9850629031656
1.37 0.000425470706887595 0.000963203975727303 36.632543388995
1.38 -0.000487039839349091 -0.000286462570492609 36.266804533383
1.39 -0.000319924134632735 0.000277268532000188 35.9923228180527
1.4 0.000597228429804902 0.00108864905409004 35.6075678698196
1.41 0.000190121955368885 0.000244571916761613 35.2475528142647
1.42 0.000394234694510637 0.00073807485097267 34.9661435241112
1.43 -3.97454212587938e-05 0.00021638405960692 34.7434538227169
1.44 0.000351081264291685 0.000149254202826015 34.467617003767
1.45 0.000441981342928631 0.000771927886169098 34.2385029201368
1.46 0.000373278362688792 0.000147043372758989 34.0172019914475
1.47 0.00064217403035132 0.000638282497436027 33.7200853447167
1.48 0.000469605353838 -0.000188803821551007 33.3822269941479
1.49 0.0002001038238608 0.000451863503800086 33.0742937369281
1.5 0.000337735762631063 0.000298661116153157 32.7515717685572
